0 0.483203125 0.5048611111111111 0.06171875 0.2986111111111111
0 0.550390625 0.5854166666666667 0.075 0.43333333333333335
0 0.44296875 0.29375 0.07578125 0.19166666666666668
0 0.508203125 0.19444444444444445 0.040625 0.18611111111111112
0 0.41640625 0.20277777777777778 0.034375 0.15
0 0.344140625 0.6243055555555556 0.08671875 0.3861111111111111
0 0.6328125 0.6291666666666667 0.071875 0.3125
0 0.4578125 0.8388888888888889 0.1359375 0.32222222222222224
0 0.390234375 0.3701388888888889 0.0421875 0.1875
0 0.65859375 0.44930555555555557 0.07421875 0.2263888888888889
0 0.33828125 0.36736111111111114 0.04140625 0.16805555555555557