0 0.353125 0.6333333333333333 0.084375 0.3680555555555556
0 0.456640625 0.6229166666666667 0.10625 0.3472222222222222
0 0.56640625 0.5236111111111111 0.0703125 0.3611111111111111
0 0.612109375 0.6673611111111111 0.0859375 0.31527777777777777
0 0.333984375 0.3590277777777778 0.05625 0.2263888888888889
0 0.525 0.4888888888888889 0.04453125 0.2638888888888889
0 0.46484375 0.4173611111111111 0.06640625 0.2013888888888889
0 0.45 0.3298611111111111 0.05 0.15694444444444444
0 0.5314140625 0.18737499999999999 0.06684375000000001 0.1588611111111111
0 0.45786718750000005 0.173875 0.06038281250000001 0.14456944444444444
0 0.4105546875 0.2475 0.0461015625 0.20055555555555557
0 0.46010156249999995 0.300875 0.050562499999999996 0.13826388888888888
0 0.33890625 0.33679166666666666 0.0679921875 0.19661111111111113