0 0.01640625 0.5203125 0.0328125 0.17265625
0 0.06015625 0.5171875 0.0328125 0.19375
0 0.0953125 0.5140625 0.040625 0.209375
0 0.1515625 0.63203125 0.115625 0.5046875
0 0.203125 0.4703125 0.02421875 0.06015625
0 0.221875 0.41875 0.03046875 0.07421875
0 0.1953125 0.4375 0.02421875 0.053125
0 0.2328125 0.45078125 0.021875 0.0609375
0 0.28828125 0.684375 0.1453125 0.62890625
0 0.384375 0.6375 0.1 0.4875
0 0.4765625 0.6859375 0.18203125 0.61796875
0 0.51875 0.640625 0.071875 0.46640625
0 0.6734375 0.67421875 0.228125 0.6515625
0 0.77734375 0.68203125 0.1796875 0.6359375
0 0.8984375 0.6765625 0.18046875 0.64453125
0 0.70859375 0.428125 0.0359375 0.09140625
0 0.80859375 0.46875 0.0640625 0.16953125
0 0.678125 0.446875 0.02578125 0.04453125
0 0.484375 0.4265625 0.034375 0.07578125
0 0.3828125 0.425 0.02109375 0.05625
0 0.40625 0.45 0.03046875 0.06171875