0 0.55859375 0.4265625 0.1578125 0.0375
0 0.4046875 0.625 0.1125 0.0625
0 0.4078125 0.5609375 0.11875 0.065625
0 0.4125 0.4875 0.125 0.071875
0 0.4046875 0.4171875 0.11875 0.065625
0 0.4015625 0.35078125 0.11875 0.0828125
0 0.40234375 0.2765625 0.1265625 0.075
0 0.55 0.65390625 0.171875 0.0390625
0 0.553125 0.71484375 0.15 0.0359375
0 0.55546875 0.7875 0.1515625 0.034375
0 0.56015625 0.46796875 0.1546875 0.0328125
0 0.5484375 0.34296875 0.18125 0.0421875
0 0.5546875 0.2875 0.171875 0.046875
0 0.56171875 0.24296875 0.1609375 0.0390625
0 0.559375 0.215625 0.1625 0.03125
0 0.56171875 0.18359375 0.1640625 0.0421875
0 0.55703125 0.1328125 0.1703125 0.040625
0 0.5625 0.071875 0.153125 0.03125
0 0.5609375 0.5640625 0.15 0.028125
0 0.553125 0.375 0.159375 0.0375
0 0.5640625 0.52265625 0.15 0.0328125
0 0.55625 0.8421875 0.134375 0.028125
0 0.553125 0.90234375 0.14375 0.0296875
0 0.5515625 0.9703125 0.140625 0.0375
0 0.5390625 0.934375 0.128125 0.021875
0 0.546875 0.9875 0.13125 0.021875
0 0.546875 0.8734375 0.134375 0.025
0 0.5484375 0.6 0.18125 0.05625
0 0.53671875 0.7484375 0.1421875 0.021875
0 0.5484375 0.803125 0.14375 0.021875
0 0.54375 0.9171875 0.128125 0.01875
0 0.54140625 0.68671875 0.1546875 0.0203125
0 0.55078125 0.73515625 0.1453125 0.0296875
0 0.54765625 0.5890625 0.1703125 0.025
0 0.5453125 0.5 0.175 0.025
0 0.5453125 0.39375 0.1625 0.028125
0 0.55625 0.040625 0.1375 0.03125
0 0.55546875 0.01171875 0.1484375 0.0234375