0 0.52890625 0.775 0.0953125 0.45
0 0.6875 0.78359375 0.134375 0.4328125
0 0.7546875 0.77734375 0.1 0.4453125
0 0.9046875 0.72109375 0.06484375 0.3078125
0 0.94375 0.7171875 0.06015625 0.31953125
0 0.4140625 0.684375 0.06640625 0.27578125
0 0.4875 0.6609375 0.03125 0.2125
0 0.221875 0.640625 0.02109375 0.14296875
0 0.184375 0.6359375 0.028125 0.16171875
0 0.1109375 0.684375 0.03203125 0.17265625
0 0.1328125 0.6703125 0.028125 0.17265625
0 0.16171875 0.67578125 0.0265625 0.1484375
0 0.0328125 0.6171875 0.01953125 0.10078125