0 0.0453125 0.928125 0.078125 0.115625
0 0.440625 0.3140625 0.034375 0.096875
0 0.28828125 0.284375 0.0265625 0.125
0 0.30546875 0.303125 0.0296875 0.1375
0 0.32265625 0.28984375 0.0296875 0.1359375
0 0.346875 0.3265625 0.021875 0.071875
0 0.3796875 0.30390625 0.021875 0.0703125
0 0.3171875 0.14140625 0.03125 0.1078125
0 0.33359375 0.1453125 0.0171875 0.103125
0 0.3453125 0.1171875 0.01875 0.109375
0 0.3625 0.1171875 0.01875 0.109375
0 0.3921875 0.08671875 0.01875 0.1140625
0 0.44765625 0.0515625 0.0109375 0.053125
0 0.459375 0.05 0.0125 0.05
0 0.496875 0.0453125 0.015625 0.053125