0 0.1265625 0.81484375 0.12265625 0.2921875
0 0.67890625 0.7484375 0.0359375 0.17109375
0 0.46875 0.725 0.03359375 0.11484375
0 0.39921875 0.7234375 0.0328125 0.12109375
0 0.37109375 0.73046875 0.0296875 0.1078125
0 0.6359375 0.72578125 0.03203125 0.1328125
0 0.975 0.753125 0.04765625 0.18671875
0 0.75 0.7640625 0.046875 0.18203125
0 0.7828125 0.77890625 0.046875 0.1703125
0 0.51328125 0.7296875 0.0265625 0.11171875
0 0.5625 0.7296875 0.02578125 0.09765625
0 0.0296875 0.765625 0.05078125 0.24296875
0 0.25625 0.75625 0.04453125 0.184375
0 0.29609375 0.7203125 0.0203125 0.08984375
0 0.07734375 0.72109375 0.0328125 0.0953125
0 0.81171875 0.675 0.0140625 0.03671875
0 0.83125 0.725 0.04296875 0.103125
0 0.71484375 0.7359375 0.0296875 0.121875
0 0.9453125 0.7328125 0.021875 0.11171875
0 0.54453125 0.71875 0.0234375 0.09453125
0 0.4390625 0.721875 0.02109375 0.10859375
0 0.353125 0.7078125 0.01484375 0.07578125
0 0.315625 0.7125 0.021875 0.07109375
0 0.20625 0.71875 0.02890625 0.07421875
0 0.2265625 0.73125 0.01875 0.10390625
0 0.3390625 0.709375 0.01328125 0.07265625
0 0.91796875 0.73828125 0.0203125 0.1078125