0 0.0125 0.7703125 0.025 0.20234375
0 0.0609375 0.7734375 0.06796875 0.19296875
0 0.065625 0.6578125 0.034375 0.065625
0 0.1046875 0.7046875 0.04375 0.1375
0 0.2234375 0.71953125 0.04921875 0.1734375
0 0.2578125 0.7546875 0.0375 0.096875
0 0.6 0.74609375 0.06484375 0.2078125
0 0.6125 0.7125 0.07578125 0.178125
0 0.4796875 0.69765625 0.06484375 0.1546875
0 0.4203125 0.634375 0.03984375 0.07265625
0 0.4421875 0.6203125 0.02265625 0.059375
0 0.53203125 0.6171875 0.0234375 0.08203125
0 0.58203125 0.6140625 0.0171875 0.05390625
0 0.81640625 0.6125 0.0234375 0.078125