0 0.45 0.9 0.04453125 0.2
0 0.7421875 0.89296875 0.05234375 0.2140625
0 0.29140625 0.896875 0.0328125 0.20625
0 0.41484375 0.88125 0.0328125 0.18125
0 0.57734375 0.85859375 0.0234375 0.1328125
0 0.60625 0.86953125 0.025 0.1421875
0 0.525 0.8421875 0.021875 0.109375
0 0.31953125 0.8984375 0.0265625 0.18125
0 0.3546875 0.88359375 0.02109375 0.1609375
0 0.3421875 0.8765625 0.01875 0.15625
0 0.4 0.87578125 0.0375 0.1703125
0 0.49140625 0.8328125 0.0171875 0.07890625
0 0.54453125 0.83046875 0.0140625 0.0859375
0 0.5578125 0.83125 0.01484375 0.071875