0 0.36328125 0.8578125 0.0421875 0.14921875
0 0.5875 0.859375 0.0375 0.13203125
0 0.6296875 0.859375 0.040625 0.13359375
0 0.265625 0.8765625 0.046875 0.178125
0 0.3078125 0.8796875 0.053125 0.17890625
0 0.75078125 0.884375 0.0421875 0.18515625
0 0.7921875 0.884375 0.04609375 0.17890625
0 0.8375 0.875 0.046875 0.16171875
0 0.1453125 0.87578125 0.05078125 0.1828125
0 0.18671875 0.8640625 0.0296875 0.13359375
0 0.1828125 0.8046875 0.01953125 0.05546875
0 0.1296875 0.85 0.02890625 0.14453125
0 0.42734375 0.8328125 0.0171875 0.06484375
0 0.29375 0.8265625 0.01875 0.06953125