0 0.60546875 0.6875 0.3484375 0.084375
0 0.584375 0.584375 0.365625 0.1
0 0.5609375 0.1 0.3125 0.059375
0 0.4859375 0.9296875 0.19375 0.040625
0 0.5640625 0.95859375 0.121875 0.0265625
0 0.5609375 0.99296875 0.1125 0.0140625
0 0.496875 0.81875 0.134375 0.01875
0 0.56953125 0.7921875 0.0765625 0.021875
0 0.5015625 0.74609375 0.1125 0.0296875
0 0.5421875 0.5328125 0.05625 0.01875
0 0.5390625 0.5171875 0.046875 0.015625
0 0.534375 0.4625 0.084375 0.015625
0 0.534375 0.4203125 0.084375 0.01875
0 0.53203125 0.375 0.0890625 0.03125
0 0.528125 0.3453125 0.096875 0.01875
0 0.528125 0.32265625 0.09375 0.0234375
0 0.53125 0.27578125 0.084375 0.0203125
0 0.5296875 0.2546875 0.084375 0.015625
0 0.51640625 0.1921875 0.0703125 0.0125
0 0.521875 0.17421875 0.090625 0.0234375
0 0.5234375 0.153125 0.0875 0.01875
0 0.525 0.1359375 0.084375 0.015625
0 0.521875 0.0375 0.08125 0.015625
0 0.5234375 0.0265625 0.078125 0.015625