0 0.8234375 0.68671875 0.10078125 0.51171875
0 0.95703125 0.603125 0.06171875 0.10703125
0 0.903125 0.6765625 0.06015625 0.11484375
0 0.8890625 0.5484375 0.028125 0.0453125
0 0.73359375 0.546875 0.02421875 0.04921875
0 0.69453125 0.64375 0.0734375 0.22421875
0 0.5296875 0.54375 0.02578125 0.07578125
0 0.503125 0.56015625 0.02265625 0.0734375
0 0.446875 0.51015625 0.01875 0.05546875
0 0.46171875 0.503125 0.028125 0.04921875
0 0.5703125 0.55546875 0.04921875 0.0953125
0 0.61640625 0.5796875 0.0265625 0.0796875
0 0.60234375 0.5359375 0.01484375 0.05546875
0 0.47265625 0.54765625 0.04609375 0.09921875