0 0.46640625 0.6265625 0.0578125 0.25078125
0 0.371875 0.5359375 0.23515625 0.63046875
0 0.25625 0.5421875 0.23046875 0.634375
0 0.10625 0.646875 0.04765625 0.20234375
0 0.5484375 0.646875 0.01953125 0.08984375
0 0.6046875 0.665625 0.02578125 0.09375
0 0.6671875 0.6703125 0.02890625 0.1
0 0.575 0.6734375 0.01953125 0.08203125
0 0.775 0.66640625 0.02265625 0.1015625
0 0.821875 0.665625 0.03828125 0.12734375
0 0.83984375 0.65859375 0.0453125 0.1421875
0 0.87265625 0.6609375 0.0296875 0.12265625
0 0.7515625 0.65546875 0.015625 0.0765625
0 0.70078125 0.65 0.0234375 0.03203125
0 0.72890625 0.65625 0.0265625 0.03046875
0 0.72890625 0.596875 0.0390625 0.08046875