0 0.3015625 0.14375 0.225 0.040625
0 0.26796875 0.49375 0.2296875 0.078125
0 0.31875 0.1859375 0.175 0.0375
0 0.3375 0.22578125 0.15 0.0359375
0 0.3171875 0.31953125 0.1375 0.0203125
0 0.3296875 0.346875 0.153125 0.034375
0 0.3390625 0.38359375 0.14375 0.0390625
0 0.3484375 0.5328125 0.128125 0.040625
0 0.315625 0.55859375 0.165625 0.0359375
0 0.309375 0.5875 0.134375 0.03125
0 0.359375 0.628125 0.103125 0.01875
0 0.3640625 0.690625 0.09375 0.028125
0 0.3578125 0.725 0.1 0.01875
0 0.3609375 0.6484375 0.090625 0.015625
0 0.3421875 0.07265625 0.146875 0.0609375
0 0.340625 0.090625 0.125 0.025
0 0.3609375 0.26640625 0.090625 0.0359375
0 0.371875 0.415625 0.08125 0.01875
0 0.38125 0.284375 0.065625 0.01875
0 0.3875 0.471875 0.05625 0.015625
0 0.39375 0.49453125 0.05 0.0171875
0 0.34921875 0.95859375 0.0984375 0.0234375
0 0.34296875 0.79921875 0.1046875 0.0171875
0 0.3640625 0.77734375 0.103125 0.0265625
0 0.3578125 0.8203125 0.0875 0.015625
0 0.3625 0.840625 0.103125 0.028125
0 0.34609375 0.87890625 0.0953125 0.0359375
0 0.334375 0.91328125 0.1125 0.0390625
0 0.3390625 0.92734375 0.121875 0.0453125
0 0.359375 0.896875 0.1 0.015625
0 0.36171875 0.85703125 0.0890625 0.0203125
0 0.3578125 0.8453125 0.084375 0.0125
0 0.36875 0.75 0.090625 0.025
0 0.38828125 0.43671875 0.0671875 0.0140625
0 0.378125 0.4453125 0.071875 0.0125