0 0.351171875 0.6423611111111112 0.07734375 0.33194444444444443
0 0.643359375 0.4673611111111111 0.0640625 0.25972222222222224
0 0.4609375 0.42777777777777776 0.05859375 0.2388888888888889
0 0.383203125 0.3347222222222222 0.0515625 0.20555555555555555
0 0.469921875 0.7145833333333333 0.11953125 0.3638888888888889
0 0.508203125 0.19444444444444445 0.03984375 0.18472222222222223
0 0.420703125 0.21875 0.040625 0.175
0 0.619140625 0.8173611111111111 0.11484375 0.36527777777777776
0 0.33125 0.3701388888888889 0.040625 0.18055555555555555
0 0.5625 0.5430555555555555 0.07109375 0.3861111111111111
0 0.365234375 0.4798611111111111 0.078125 0.16527777777777777