0 0.54921875 0.6229166666666667 0.08125 0.46805555555555556
0 0.6484375 0.47152777777777777 0.05546875 0.2791666666666667
0 0.41953125 0.22291666666666668 0.04140625 0.18888888888888888
0 0.35 0.6055555555555555 0.1015625 0.36666666666666664
0 0.491015625 0.5076388888888889 0.06015625 0.2708333333333333
0 0.442578125 0.8986111111111111 0.15625 0.20277777777777778
0 0.508203125 0.18958333333333333 0.03671875 0.18611111111111112
0 0.381640625 0.5277777777777778 0.0734375 0.26944444444444443
0 0.4765625 0.3548611111111111 0.05390625 0.14722222222222223
0 0.625 0.7430555555555556 0.07421875 0.38333333333333336
0 0.529296875 0.40069444444444446 0.04921875 0.20833333333333334
0 0.34296875 0.37569444444444444 0.05703125 0.15416666666666667
0 0.719921875 0.47430555555555554 0.059375 0.2111111111111111