0 0.419921875 0.22291666666666668 0.04140625 0.18611111111111112
0 0.558203125 0.6277777777777778 0.09140625 0.4013888888888889
0 0.646875 0.4708333333333333 0.0640625 0.2625
0 0.508203125 0.18958333333333333 0.0375 0.18611111111111112
0 0.389453125 0.5236111111111111 0.07578125 0.32222222222222224
0 0.349609375 0.6041666666666666 0.096875 0.36944444444444446
0 0.5125 0.3659722222222222 0.05546875 0.15694444444444444
0 0.50546875 0.5097222222222222 0.053125 0.2847222222222222
0 0.58046875 0.43680555555555556 0.0375 0.15555555555555556
0 0.605859375 0.7611111111111111 0.0703125 0.33611111111111114
0 0.729390625 0.46697222222222223 0.047617187500000005 0.21887500000000001
0 0.304875 0.22822222222222222 0.0246328125 0.08798611111111111
0 0.31 0.13616666666666669 0.0347421875 0.06120833333333334