0 0.92578125 0.80390625 0.11015625 0.29375
0 0.884375 0.58203125 0.0703125 0.19921875
0 0.8140625 0.5796875 0.0828125 0.18359375
0 0.73828125 0.559375 0.07109375 0.203125
0 0.57109375 0.49921875 0.0609375 0.203125
0 0.4453125 0.43515625 0.0640625 0.15703125
0 0.50859375 0.65703125 0.1375 0.5859375
0 0.34921875 0.63125 0.13828125 0.628125
0 0.26015625 0.38828125 0.06953125 0.24375
0 0.209375 0.61171875 0.13828125 0.66015625
0 0.08828125 0.51875 0.09375 0.39140625
0 0.0234375 0.40625 0.04609375 0.15546875