0 0.30234375 0.85546875 0.1484375 0.2890625
0 0.43359375 0.86015625 0.1359375 0.2796875
0 0.728125 0.85625 0.125 0.28515625
0 0.1140625 0.8515625 0.10625 0.178125
0 0.18125 0.8421875 0.1 0.18046875
0 0.53828125 0.80234375 0.0828125 0.2109375
0 0.56171875 0.7796875 0.0671875 0.11796875
0 0.425 0.725 0.04453125 0.06796875
0 0.6515625 0.70703125 0.05078125 0.0484375
0 0.63046875 0.73828125 0.0703125 0.0484375
0 0.4671875 0.7265625 0.05703125 0.06953125
0 0.44140625 0.70234375 0.0265625 0.0390625
0 0.57265625 0.6984375 0.0328125 0.04453125