0 0.67421875 0.975 0.3140625 0.05
0 0.6765625 0.93515625 0.2875 0.0578125
0 0.66328125 0.896875 0.2296875 0.034375
0 0.65 0.865625 0.20625 0.040625
0 0.6328125 0.8203125 0.19375 0.034375
0 0.625 0.80234375 0.2 0.0265625
0 0.640625 0.7859375 0.221875 0.034375
0 0.65234375 0.75859375 0.2484375 0.0421875
0 0.665625 0.721875 0.26875 0.040625
0 0.6796875 0.69453125 0.26875 0.0640625
0 0.65234375 0.6703125 0.2046875 0.03125
0 0.65 0.6578125 0.209375 0.034375
0 0.634375 0.6125 0.215625 0.034375
0 0.64765625 0.5859375 0.2078125 0.025
0 0.6234375 0.5734375 0.1875 0.01875
0 0.56015625 0.68515625 0.0546875 0.0203125
0 0.55625 0.66484375 0.046875 0.0171875
0 0.6203125 0.5578125 0.175 0.01875
0 0.546875 0.5390625 0.04375 0.01875
0 0.6875 0.5125 0.290625 0.0625
0 0.559375 0.4484375 0.05625 0.025
0 0.6265625 0.42109375 0.171875 0.0203125
0 0.60390625 0.4046875 0.1265625 0.028125
0 0.56953125 0.365625 0.1140625 0.025
0 0.5796875 0.33125 0.096875 0.046875
0 0.690625 0.3140625 0.303125 0.04375
0 0.72734375 0.3828125 0.3453125 0.05625
0 0.7703125 0.3453125 0.225 0.046875
0 0.7203125 0.33203125 0.2875 0.0421875
0 0.771875 0.2515625 0.428125 0.096875
0 0.5390625 0.23359375 0.040625 0.0203125
0 0.6453125 0.2765625 0.225 0.028125
0 0.6546875 0.21015625 0.21875 0.0359375
0 0.6609375 0.06484375 0.2375 0.0390625
0 0.6765625 0.0203125 0.20625 0.034375
0 0.6578125 0.0390625 0.225 0.021875