0 0.8765625 0.6875 0.16875 0.22890625
0 0.6578125 0.59140625 0.04765625 0.0796875
0 0.32890625 0.58671875 0.0296875 0.0671875
0 0.5 0.590625 0.03671875 0.07578125
0 0.52890625 0.590625 0.0390625 0.07421875
0 0.6109375 0.5984375 0.04453125 0.07265625
0 0.35625 0.5875 0.03828125 0.07265625
0 0.3640625 0.5734375 0.021875 0.03046875
0 0.409375 0.5828125 0.03203125 0.065625
0 0.3859375 0.58828125 0.028125 0.0578125
0 0.06796875 0.6515625 0.1046875 0.21484375
0 0.8234375 0.590625 0.046875 0.07734375
0 0.740625 0.58125 0.03359375 0.05625
0 0.696875 0.5875 0.03046875 0.084375
0 0.2890625 0.58359375 0.0375 0.0734375