0 0.71015625 0.67421875 0.5640625 0.0765625
0 0.621875 0.56328125 0.40625 0.0640625
0 0.621875 0.44375 0.4125 0.090625
0 0.64140625 0.3140625 0.4609375 0.090625
0 0.6171875 0.134375 0.421875 0.090625
0 0.575 0.0515625 0.33125 0.05625
0 0.5453125 0.35 0.3125 0.05
0 0.5078125 0.6078125 0.21875 0.034375
0 0.5328125 0.496875 0.246875 0.040625
0 0.50234375 0.19296875 0.1953125 0.0421875
0 0.4984375 0.2734375 0.171875 0.025
0 0.49609375 0.22578125 0.1578125 0.0234375
0 0.46953125 0.24375 0.1421875 0.021875
0 0.4796875 0.3953125 0.14375 0.021875
0 0.4953125 0.7203125 0.1625 0.03125
0 0.5609375 0.878125 0.25625 0.059375
0 0.546875 0.9359375 0.253125 0.05
0 0.4984375 0.8421875 0.159375 0.028125
0 0.4921875 0.7875 0.15 0.021875
0 0.4734375 0.64375 0.115625 0.021875
0 0.4390625 0.465625 0.084375 0.021875
0 0.4796875 0.521875 0.153125 0.025
0 0.44375 0.5375 0.09375 0.021875