0 0.4453125 0.846875 0.115625 0.24453125
0 0.32109375 0.8515625 0.1453125 0.228125
0 0.0875 0.86875 0.146875 0.2625
0 0.6421875 0.78515625 0.084375 0.1140625
0 0.75546875 0.79375 0.0703125 0.10625
0 0.19609375 0.7859375 0.0453125 0.09921875
0 0.69375 0.775 0.04921875 0.09375
0 0.9375 0.796875 0.05859375 0.13125
0 0.88125 0.7625 0.03125 0.05390625
0 0.778125 0.775 0.03671875 0.08984375
0 0.5828125 0.759375 0.02265625 0.03515625
0 0.60078125 0.7546875 0.0328125 0.03515625
0 0.6265625 0.765625 0.01796875 0.05859375
0 0.3875 0.784375 0.05 0.096875
0 0.128125 0.7671875 0.03671875 0.05
0 0.2296875 0.784375 0.03046875 0.08828125
0 0.290625 0.7640625 0.034375 0.03828125
0 0.246875 0.7796875 0.03515625 0.10625
0 0.284375 0.746875 0.015625 0.01953125
0 0.35 0.75078125 0.03125 0.0296875