0 0.459375 0.88203125 0.03203125 0.1203125
0 0.384375 0.94296875 0.0375 0.1140625
0 0.290625 0.93828125 0.03359375 0.1234375
0 0.3203125 0.928125 0.03046875 0.10859375
0 0.3265625 0.9078125 0.03515625 0.12734375
0 0.3546875 0.89609375 0.03046875 0.1359375
0 0.6046875 0.8828125 0.03671875 0.11953125
0 0.78515625 0.878125 0.0265625 0.13203125
0 0.9015625 0.94296875 0.04375 0.1140625
0 0.846875 0.896875 0.025 0.140625
0 0.86875 0.909375 0.025 0.13046875
0 0.67890625 0.9234375 0.0421875 0.15234375
0 0.97890625 0.9421875 0.0421875 0.115625
0 0.55 0.87578125 0.02578125 0.1140625
0 0.4 0.9234375 0.02109375 0.11484375
0 0.22265625 0.925 0.0390625 0.13203125
0 0.24375 0.93125 0.03359375 0.13515625
0 0.01640625 0.8890625 0.0234375 0.10546875
0 0.3671875 0.8578125 0.01953125 0.08203125
0 0.0765625 0.921875 0.034375 0.09921875
0 0.30546875 0.8875 0.0171875 0.10078125
0 0.26015625 0.8953125 0.0359375 0.12109375
0 0.10546875 0.91875 0.0171875 0.08984375
0 0.0265625 0.91953125 0.03203125 0.0546875
0 0.0578125 0.9109375 0.02265625 0.109375