0 0.43984375 0.8375 0.0796875 0.32265625
0 0.271875 0.8109375 0.05859375 0.23125
0 0.3125 0.8015625 0.04609375 0.23125
0 0.35703125 0.7625 0.0359375 0.16875
0 0.59375 0.828125 0.109375 0.34375
0 0.66171875 0.81953125 0.0765625 0.3609375
0 0.7640625 0.83046875 0.084375 0.3390625
0 0.5296875 0.75625 0.03984375 0.18671875
0 0.48828125 0.76640625 0.0390625 0.2046875
0 0.91875 0.82109375 0.13515625 0.3578125
0 0.81875 0.7671875 0.040625 0.21328125
0 0.87578125 0.6984375 0.0484375 0.0875
0 0.70703125 0.759375 0.0359375 0.196875
0 0.4046875 0.76875 0.03828125 0.20390625