0 0.3453125 0.23671875 0.125 0.0296875
0 0.346875 0.5890625 0.134375 0.034375
0 0.3609375 0.92265625 0.165625 0.0484375
0 0.31875 0.853125 0.2625 0.0625
0 0.284375 0.5953125 0.3125 0.096875
0 0.27890625 0.66328125 0.3671875 0.0828125
0 0.35703125 0.4265625 0.1015625 0.025
0 0.3640625 0.9859375 0.14375 0.028125
0 0.3671875 0.9546875 0.159375 0.04375
0 0.35390625 0.2875 0.0921875 0.01875
0 0.35703125 0.30625 0.0765625 0.015625
0 0.33203125 0.0171875 0.1640625 0.034375
0 0.3296875 0.0484375 0.175 0.065625
0 0.33125 0.12734375 0.175 0.0359375
0 0.3671875 0.56328125 0.065625 0.0140625
0 0.359375 0.3640625 0.06875 0.01875
0 0.3625 0.2640625 0.065625 0.015625