0 0.37265625 0.2859375 0.3484375 0.059375
0 0.34375 0.39609375 0.459375 0.0796875
0 0.340625 0.6515625 0.50625 0.090625
0 0.4359375 0.11796875 0.178125 0.0296875
0 0.43671875 0.1609375 0.1484375 0.03125
0 0.3859375 0.246875 0.271875 0.046875
0 0.4546875 0.2078125 0.125 0.01875
0 0.4421875 0.18359375 0.125 0.0234375
0 0.3890625 0.98203125 0.209375 0.0328125
0 0.4578125 0.9671875 0.09375 0.025
0 0.4984375 0.97734375 0.053125 0.0203125
0 0.428125 0.7375 0.16875 0.03125
0 0.409375 0.78671875 0.165625 0.0421875
0 0.428125 0.821875 0.171875 0.028125
0 0.42578125 0.85703125 0.1734375 0.0265625
0 0.41875 0.8921875 0.19375 0.028125
0 0.39921875 0.9203125 0.1890625 0.028125
0 0.48125 0.759375 0.053125 0.0125
0 0.4875 0.7734375 0.04375 0.0125
0 0.4734375 0.6796875 0.1 0.021875
0 0.46953125 0.80234375 0.0859375 0.0203125
0 0.48203125 0.84140625 0.0765625 0.0140625
0 0.5 0.7484375 0.034375 0.009375
0 0.5015625 0.70625 0.034375 0.00625
0 0.48046875 0.71328125 0.0546875 0.0109375
0 0.5078125 0.76796875 0.021875 0.0078125