0 0.9796875 0.84453125 0.040625 0.1328125
0 0.8265625 0.8484375 0.0625 0.128125
0 0.71328125 0.81640625 0.0453125 0.0734375
0 0.6703125 0.82578125 0.040625 0.0828125
0 0.6515625 0.8203125 0.03125 0.0875
0 0.61328125 0.8171875 0.0453125 0.090625
0 0.553125 0.80078125 0.03125 0.0609375
0 0.478125 0.7953125 0.021875 0.04375
0 0.3703125 0.7953125 0.025 0.01875
0 0.3203125 0.80078125 0.025 0.0234375
0 0.25 0.80625 0.0375 0.03125
0 0.22890625 0.81015625 0.0203125 0.0328125
0 0.47578125 0.84765625 0.0328125 0.0265625