0 0.77734375 0.3671875 0.1546875 0.040625
0 0.75625 0.49921875 0.14375 0.0421875
0 0.7453125 0.48203125 0.146875 0.0203125
0 0.825 0.0984375 0.2875 0.075
0 0.80390625 0.0671875 0.2546875 0.071875
0 0.7828125 0.978125 0.16875 0.04375
0 0.74765625 0.8578125 0.0953125 0.028125
0 0.74296875 0.828125 0.0921875 0.025
0 0.728125 0.79453125 0.0875 0.0265625
0 0.73046875 0.9453125 0.0734375 0.021875
0 0.72734375 0.8828125 0.0640625 0.01875
0 0.715625 0.615625 0.078125 0.021875
0 0.7140625 0.56796875 0.0625 0.0109375
0 0.7359375 0.771875 0.084375 0.021875
0 0.7328125 0.75625 0.078125 0.025
0 0.69921875 0.01328125 0.0578125 0.0265625
0 0.75 0.14921875 0.140625 0.0359375
0 0.7328125 0.20859375 0.13125 0.0484375
0 0.71875 0.4453125 0.071875 0.025
0 0.7109375 0.4578125 0.06875 0.015625
0 0.7109375 0.3328125 0.053125 0.01875
0 0.7234375 0.3140625 0.065625 0.021875
0 0.7203125 0.2921875 0.065625 0.01875