0 0.15703125 0.9796875 0.1328125 0.040625
0 0.1515625 0.82578125 0.128125 0.0640625
0 0.18359375 0.71328125 0.0734375 0.0453125
0 0.17578125 0.6703125 0.0828125 0.040625
0 0.18125 0.6515625 0.0875 0.03125
0 0.1828125 0.61328125 0.090625 0.0453125
0 0.20078125 0.553125 0.0609375 0.03125
0 0.2046875 0.478125 0.04375 0.021875
0 0.20625 0.3703125 0.01875 0.025
0 0.19921875 0.3203125 0.0234375 0.025
0 0.1953125 0.25 0.03125 0.0375
0 0.18984375 0.22890625 0.0328125 0.0203125
0 0.15390625 0.47578125 0.0265625 0.0328125