0 0.22421875 0.6328125 0.1546875 0.040625
0 0.24375 0.50078125 0.14375 0.0421875
0 0.2546875 0.51953125 0.146875 0.0203125
0 0.1765625 0.903125 0.2875 0.075
0 0.19765625 0.93359375 0.2546875 0.0734375
0 0.2171875 0.021875 0.16875 0.04375
0 0.25390625 0.14375 0.0953125 0.028125
0 0.25703125 0.171875 0.0921875 0.025
0 0.2734375 0.20703125 0.0875 0.0265625
0 0.27109375 0.05625 0.0734375 0.021875
0 0.27421875 0.11875 0.0640625 0.01875
0 0.284375 0.3859375 0.078125 0.021875
0 0.2875 0.43203125 0.0625 0.0109375
0 0.265625 0.228125 0.084375 0.021875
0 0.2671875 0.2453125 0.078125 0.025
0 0.30234375 0.98671875 0.0578125 0.0265625
0 0.25 0.85234375 0.140625 0.0359375
0 0.26875 0.79296875 0.13125 0.0484375
0 0.2828125 0.55625 0.071875 0.025
0 0.2890625 0.54375 0.06875 0.015625
0 0.290625 0.66875 0.053125 0.01875
0 0.278125 0.6875 0.065625 0.021875
0 0.28125 0.7078125 0.065625 0.01875