0 0.4359375 0.6015625 0.01640625 0.078125
0 0.4515625 0.603125 0.015625 0.07578125
0 0.4984375 0.60625 0.02890625 0.103125
0 0.5421875 0.6140625 0.034375 0.09375
0 0.55 0.609375 0.01171875 0.08671875
0 0.596875 0.62734375 0.03671875 0.1359375
0 0.57421875 0.5984375 0.0171875 0.09921875
0 0.721875 0.58671875 0.01875 0.0546875
0 0.61328125 0.596875 0.0140625 0.07109375
0 0.79375 0.58359375 0.01171875 0.0546875
0 0.8140625 0.59296875 0.01953125 0.0953125
0 0.84609375 0.59765625 0.0140625 0.0484375
0 0.86953125 0.59375 0.0140625 0.05859375
0 0.98671875 0.6015625 0.0234375 0.06796875
0 0.9359375 0.5953125 0.0125 0.05546875
0 0.92578125 0.596875 0.0140625 0.06484375
0 0.915625 0.5921875 0.01328125 0.06015625
0 0.109375 0.5921875 0.01953125 0.028125
0 0.190625 0.56875 0.01484375 0.040625
0 0.15234375 0.56796875 0.0140625 0.0453125
0 0.1671875 0.56875 0.01328125 0.03671875
0 0.17734375 0.565625 0.0078125 0.03125