0 0.39453125 0.3140625 0.3484375 0.084375
0 0.415625 0.4171875 0.365625 0.1
0 0.440625 0.9 0.3125 0.059375
0 0.5140625 0.071875 0.19375 0.040625
0 0.4359375 0.0421875 0.121875 0.025
0 0.440625 0.00703125 0.1125 0.0140625
0 0.503125 0.1828125 0.134375 0.01875
0 0.43203125 0.2078125 0.0765625 0.021875
0 0.5 0.25546875 0.1125 0.0296875
0 0.459375 0.46875 0.05625 0.01875
0 0.4609375 0.484375 0.046875 0.015625
0 0.4671875 0.5390625 0.084375 0.015625
0 0.4671875 0.5796875 0.084375 0.01875
0 0.46796875 0.6265625 0.0890625 0.03125
0 0.4734375 0.6546875 0.096875 0.01875
0 0.471875 0.67734375 0.09375 0.0234375
0 0.4703125 0.72578125 0.084375 0.0203125
0 0.471875 0.7453125 0.084375 0.015625
0 0.48515625 0.809375 0.0703125 0.0125
0 0.4796875 0.82578125 0.090625 0.0234375
0 0.478125 0.8484375 0.0875 0.01875
0 0.475 0.8640625 0.084375 0.015625
0 0.478125 0.9625 0.08125 0.015625
0 0.4765625 0.975 0.078125 0.015625