0 0.4421875 0.315625 0.46875 0.290625
0 0.48125 0.67421875 0.515625 0.1734375
0 0.4859375 0.89375 0.2625 0.096875
0 0.4328125 0.7515625 0.24375 0.090625
0 0.4328125 0.809375 0.153125 0.06875
0 0.490625 0.4609375 0.29375 0.0625
0 0.48125 0.390625 0.1875 0.084375
0 0.509375 0.2125 0.15 0.046875
0 0.52265625 0.115625 0.1640625 0.05
0 0.515625 0.5234375 0.121875 0.0375
0 0.51484375 0.58125 0.0890625 0.021875
0 0.51875 0.246875 0.084375 0.034375
0 0.5390625 0.17578125 0.0625 0.0109375
0 0.53828125 0.165625 0.0609375 0.009375
0 0.540625 0.15625 0.059375 0.015625
0 0.52734375 0.278125 0.0953125 0.01875