0 0.36328125 0.8578125 0.0421875 0.15
0 0.5875 0.859375 0.0375 0.13125
0 0.6296875 0.859375 0.040625 0.134375
0 0.265625 0.8765625 0.046875 0.178125
0 0.3078125 0.8796875 0.053125 0.178125
0 0.75078125 0.8859375 0.0421875 0.184375
0 0.7921875 0.8859375 0.046875 0.178125
0 0.8375 0.875 0.046875 0.1625
0 0.1453125 0.87578125 0.05 0.1828125
0 0.18671875 0.8640625 0.0296875 0.134375
0 0.184375 0.8046875 0.01875 0.05625
0 0.13125 0.8515625 0.028125 0.14375
0 0.42734375 0.8328125 0.0171875 0.065625
0 0.29375 0.828125 0.01875 0.06875