0 0.0453125 0.928125 0.07734375 0.115625
0 0.440625 0.3140625 0.034375 0.09609375
0 0.28828125 0.284375 0.0265625 0.125
0 0.30546875 0.303125 0.0296875 0.13828125
0 0.32265625 0.28984375 0.0296875 0.1359375
0 0.346875 0.3265625 0.02265625 0.071875
0 0.3796875 0.30390625 0.02265625 0.0703125
0 0.315625 0.14140625 0.03203125 0.1078125
0 0.33359375 0.1453125 0.0171875 0.103125
0 0.34375 0.1171875 0.01953125 0.11015625
0 0.3625 0.1171875 0.01875 0.10859375
0 0.3921875 0.08671875 0.01875 0.1140625
0 0.44765625 0.0515625 0.0109375 0.05234375
0 0.4578125 0.05 0.01328125 0.04921875
0 0.496875 0.0453125 0.01484375 0.05234375