0 0.3140625 0.41875 0.553125 0.1
0 0.359375 0.5078125 0.609375 0.090625
0 0.3234375 0.659375 0.325 0.06875
0 0.33125 0.875 0.340625 0.075
0 0.29375 0.95859375 0.275 0.0640625
0 0.32109375 0.1078125 0.2703125 0.059375
0 0.3265625 0.053125 0.25 0.046875
0 0.3296875 0.27421875 0.246875 0.0421875
0 0.325 0.3359375 0.234375 0.053125
0 0.31484375 0.2078125 0.1640625 0.03125
0 0.3234375 0.57578125 0.18125 0.0359375
0 0.325 0.60625 0.153125 0.028125
0 0.309375 0.721875 0.175 0.046875
0 0.309375 0.75 0.125 0.025
0 0.31015625 0.8078125 0.1015625 0.021875