0 0.909375 0.67734375 0.05 0.2984375
0 0.80625 0.6875 0.05078125 0.28359375
0 0.6484375 0.66875 0.04375 0.29921875
0 0.6796875 0.6515625 0.05078125 0.278125
0 0.56875 0.6828125 0.05078125 0.315625
0 0.6125 0.64375 0.03515625 0.26875
0 0.57734375 0.58515625 0.0515625 0.1828125
0 0.53671875 0.56484375 0.0203125 0.0796875
0 0.509375 0.6515625 0.04765625 0.3
0 0.46875 0.68125 0.07421875 0.31875
0 0.446875 0.6609375 0.03671875 0.27578125
0 0.38984375 0.675 0.0546875 0.30234375
0 0.4203125 0.66328125 0.04296875 0.2890625
0 0.3265625 0.6734375 0.065625 0.36328125
0 0.2921875 0.5515625 0.02890625 0.0875
0 0.31328125 0.53125 0.0140625 0.040625
0 0.23359375 0.67734375 0.0546875 0.2921875
0 0.24375 0.5546875 0.01796875 0.06171875
0 0.26015625 0.6640625 0.0296875 0.26484375
0 0.18359375 0.68359375 0.0703125 0.3484375
0 0.1625 0.596875 0.0375 0.19453125
0 0.05390625 0.665625 0.0671875 0.35390625
0 0.10703125 0.65625 0.0453125 0.296875