0 0.644792 0.538426 0.139583 0.317593
0 0.755729 0.388426 0.073958 0.223148
0 0.558854 0.360185 0.048958 0.314815
0 0.470313 0.296759 0.084375 0.186111
0 0.336979 0.262963 0.082292 0.087037
0 0.287500 0.200463 0.045833 0.136111
0 0.357812 0.198611 0.046875 0.112037
0 0.231250 0.323148 0.054167 0.240741
0 0.184896 0.256019 0.057292 0.076852
0 0.101562 0.338889 0.071875 0.129630
0 0.260937 0.514352 0.096875 0.228704
0 0.531250 0.112500 0.035417 0.132407
0 0.495833 0.063426 0.027083 0.026852
0 0.391667 0.108333 0.043750 0.044444
