0 0.639583 0.541667 0.127083 0.329630
0 0.760938 0.387037 0.107292 0.222222
0 0.529687 0.343981 0.051042 0.337963
0 0.468229 0.295370 0.065625 0.194444
0 0.332292 0.267130 0.083333 0.087963
0 0.353125 0.202315 0.052083 0.104630
0 0.289062 0.197222 0.044792 0.144444
0 0.243229 0.310648 0.053125 0.189815
0 0.182812 0.252778 0.030208 0.037037
0 0.090104 0.316204 0.032292 0.102778
0 0.257812 0.497685 0.086458 0.237963
0 0.387500 0.113889 0.037500 0.057407
0 0.539583 0.112963 0.033333 0.131481
0 0.495833 0.059722 0.027083 0.034259
