0 0.767188 0.393981 0.094792 0.247222
0 0.465625 0.305093 0.106250 0.199074
0 0.330208 0.284722 0.068750 0.136111
0 0.346354 0.200463 0.061458 0.106481
0 0.276562 0.220833 0.076042 0.178704
0 0.171875 0.233796 0.054167 0.071296
0 0.175521 0.346296 0.078125 0.222222
0 0.231771 0.512037 0.130208 0.188889
0 0.097396 0.339352 0.042708 0.149074
0 0.576562 0.277315 0.082292 0.137963
0 0.397396 0.118981 0.030208 0.060185
0 0.508854 0.031019 0.015625 0.049074
0 0.502083 0.084722 0.031250 0.026852
0 0.520833 0.120370 0.054167 0.048148
