0 0.758854 0.387500 0.078125 0.241667
0 0.548958 0.194444 0.043750 0.188889
0 0.579167 0.376389 0.075000 0.210185
0 0.405729 0.348148 0.071875 0.327778
0 0.468750 0.295833 0.064583 0.187963
0 0.331771 0.243056 0.032292 0.056481
0 0.360417 0.199537 0.039583 0.087963
0 0.295312 0.210648 0.040625 0.149074
0 0.240104 0.331481 0.051042 0.200000
0 0.268229 0.531944 0.103125 0.258333
0 0.109375 0.339815 0.035417 0.151852
0 0.177604 0.249074 0.038542 0.114815
0 0.391146 0.115741 0.038542 0.050000
0 0.509375 0.072222 0.037500 0.074074
