0 0.815625 0.6328125 0.02265625 0.08515625
0 0.74375 0.72578125 0.08515625 0.1765625
0 0.6140625 0.64296875 0.025 0.0796875
0 0.58125 0.771875 0.07265625 0.19921875
0 0.584375 0.6734375 0.04921875 0.0875
0 0.49296875 0.65 0.0359375 0.07890625
0 0.44140625 0.6390625 0.0234375 0.06796875
0 0.2828125 0.7078125 0.03203125 0.13671875
0 0.1890625 0.73984375 0.06875 0.1859375
0 0.2109375 0.79921875 0.034375 0.1078125
0 0.1015625 0.7 0.03359375 0.12421875
0 0.0609375 0.77890625 0.06015625 0.1796875
0 0.025 0.70078125 0.03046875 0.1046875