0 0.95703125 0.84375 0.0703125 0.23671875
0 0.8875 0.8390625 0.05078125 0.23203125
0 0.728125 0.79765625 0.03359375 0.1734375
0 0.7515625 0.7390625 0.02109375 0.084375
0 0.77421875 0.7796875 0.0390625 0.16953125
0 0.79140625 0.74375 0.0265625 0.109375
0 0.81484375 0.78125 0.0359375 0.14609375
0 0.6671875 0.7234375 0.01875 0.0875
0 0.6859375 0.7203125 0.01953125 0.090625
0 0.59609375 0.784375 0.0421875 0.171875
0 0.6359375 0.7859375 0.03203125 0.15
0 0.3484375 0.7625 0.028125 0.10390625
0 0.3828125 0.7765625 0.02890625 0.134375
0 0.37265625 0.71796875 0.0203125 0.0671875
0 0.35234375 0.7109375 0.0203125 0.071875
0 0.3859375 0.703125 0.01484375 0.05
0 0.403125 0.71328125 0.021875 0.0546875
0 0.43046875 0.71875 0.0171875 0.07734375
0 0.4703125 0.71875 0.01875 0.06171875
0 0.496875 0.7359375 0.0125 0.06875
0 0.50859375 0.7296875 0.0234375 0.09140625
0 0.51796875 0.7234375 0.0171875 0.08984375
0 0.60859375 0.690625 0.0203125 0.034375
0 0.5453125 0.6953125 0.01640625 0.05
0 0.2046875 0.7875 0.04140625 0.146875
0 0.265625 0.721875 0.028125 0.06875