0 0.425 0.7328125 0.04609375 0.225
0 0.89140625 0.75859375 0.2171875 0.4828125
0 0.23125 0.7609375 0.06171875 0.30703125
0 0.11875 0.7265625 0.06328125 0.23046875
0 0.28359375 0.72421875 0.0671875 0.1859375
0 0.63125 0.70703125 0.03515625 0.2015625
0 0.6671875 0.6609375 0.02890625 0.11328125
0 0.49375 0.6671875 0.02890625 0.12109375
0 0.5203125 0.6875 0.02578125 0.07421875
0 0.559375 0.6640625 0.04140625 0.134375
0 0.46015625 0.6640625 0.0234375 0.1
0 0.3671875 0.67421875 0.028125 0.1265625
0 0.334375 0.66953125 0.03359375 0.1359375
0 0.8515625 0.7375 0.06875 0.2125
0 0.7453125 0.7484375 0.0625 0.25078125
0 0.7046875 0.7375 0.0375 0.23125
0 0.78046875 0.734375 0.0453125 0.253125
0 0.03125 0.72890625 0.05625 0.2203125
0 0.3953125 0.68203125 0.02578125 0.1203125