0 0.26875 0.425 0.225 0.046875
0 0.24140625 0.89140625 0.4828125 0.2171875
0 0.2390625 0.23125 0.30625 0.0625
0 0.2734375 0.11875 0.23125 0.0625
0 0.27734375 0.28359375 0.1859375 0.0671875
0 0.29296875 0.6328125 0.2015625 0.034375
0 0.3390625 0.6671875 0.1125 0.028125
0 0.3328125 0.4953125 0.121875 0.028125
0 0.3125 0.521875 0.075 0.025
0 0.3359375 0.5609375 0.134375 0.040625
0 0.3359375 0.46015625 0.1 0.0234375
0 0.32734375 0.3671875 0.1265625 0.028125
0 0.33046875 0.334375 0.1359375 0.034375
0 0.2640625 0.8515625 0.2125 0.06875
0 0.2515625 0.7453125 0.25 0.0625
0 0.2625 0.7046875 0.23125 0.0375
0 0.265625 0.78046875 0.253125 0.0453125
0 0.27109375 0.03125 0.2203125 0.05625
0 0.31953125 0.3953125 0.1203125 0.025