0 0.3765625 0.9515625 0.278125 0.096875
0 0.38671875 0.90390625 0.2515625 0.1171875
0 0.36171875 0.0375 0.1015625 0.075
0 0.4109375 0.075 0.13125 0.0625
0 0.4484375 0.0203125 0.0875 0.040625
0 0.44140625 0.36484375 0.0953125 0.0453125
0 0.4359375 0.246875 0.065625 0.065625
0 0.4609375 0.2953125 0.053125 0.03125
0 0.4734375 0.30625 0.040625 0.028125
0 0.4671875 0.34375 0.075 0.01875
0 0.48125 0.3921875 0.034375 0.028125
0 0.4453125 0.4421875 0.084375 0.040625
0 0.47265625 0.4125 0.0359375 0.04375
0 0.51015625 0.59921875 0.0359375 0.1203125
0 0.4484375 0.796875 0.084375 0.040625