0 0.32578125 0.025 0.3140625 0.05
0 0.3234375 0.065625 0.2875 0.05625
0 0.33671875 0.103125 0.2296875 0.034375
0 0.3515625 0.134375 0.20625 0.040625
0 0.36875 0.18125 0.19375 0.034375
0 0.3765625 0.19921875 0.2 0.0265625
0 0.359375 0.2140625 0.221875 0.034375
0 0.34921875 0.24296875 0.2484375 0.0421875
0 0.334375 0.2796875 0.26875 0.040625
0 0.3203125 0.30546875 0.26875 0.0640625
0 0.34765625 0.3296875 0.2046875 0.03125
0 0.3515625 0.3421875 0.209375 0.034375
0 0.3671875 0.3890625 0.215625 0.034375
0 0.35390625 0.415625 0.2078125 0.025
0 0.378125 0.4265625 0.1875 0.01875
0 0.44140625 0.31640625 0.0546875 0.0203125
0 0.44375 0.33515625 0.046875 0.0171875
0 0.38125 0.4421875 0.175 0.01875
0 0.453125 0.4609375 0.04375 0.01875
0 0.3140625 0.4875 0.290625 0.0625
0 0.440625 0.5515625 0.05625 0.025
0 0.3734375 0.57890625 0.171875 0.0203125
0 0.39765625 0.596875 0.1265625 0.028125
0 0.43046875 0.634375 0.1140625 0.025
0 0.421875 0.66875 0.096875 0.046875
0 0.3109375 0.6859375 0.303125 0.04375
0 0.27265625 0.6171875 0.3453125 0.05625
0 0.23125 0.6546875 0.225 0.046875
0 0.2796875 0.66953125 0.2875 0.0421875
0 0.2296875 0.74921875 0.428125 0.0984375
0 0.4609375 0.76796875 0.040625 0.0203125
0 0.3546875 0.725 0.225 0.028125
0 0.346875 0.79140625 0.21875 0.0359375
0 0.3390625 0.93515625 0.2375 0.0390625
0 0.3234375 0.98046875 0.20625 0.0359375
0 0.3421875 0.9609375 0.225 0.021875