0 0.70703125 0.98046875 0.2109375 0.0390625
0 0.70546875 0.93515625 0.2328125 0.0546875
0 0.71171875 0.8875 0.1953125 0.040625
0 0.71015625 0.84921875 0.2046875 0.0328125
0 0.7046875 0.81875 0.225 0.03125
0 0.7015625 0.7859375 0.278125 0.05
0 0.7046875 0.74375 0.25 0.034375
0 0.69921875 0.7015625 0.3078125 0.065625
0 0.709375 0.6546875 0.3 0.053125
0 0.6859375 0.60625 0.36875 0.065625
0 0.68828125 0.5296875 0.3984375 0.0875
0 0.684375 0.478125 0.39375 0.059375
0 0.6828125 0.4109375 0.415625 0.128125
0 0.6921875 0.29609375 0.459375 0.0703125
0 0.7140625 0.21328125 0.415625 0.0671875
0 0.69375 0.1359375 0.465625 0.10625
0 0.69375 0.09296875 0.453125 0.0640625
0 0.7171875 0.0375 0.4 0.075
0 0.5984375 0.37265625 0.121875 0.0390625