0 0.08125 0.78515625 0.09296875 0.4296875
0 0.159375 0.7484375 0.27421875 0.503125
0 0.33125 0.7015625 0.13125 0.596875
0 0.534375 0.72109375 0.296875 0.5546875
0 0.70234375 0.721875 0.1328125 0.55625
0 0.7625 0.7421875 0.115625 0.496875
0 0.89453125 0.7359375 0.0828125 0.28828125
0 0.8171875 0.728125 0.03125 0.115625
0 0.865625 0.73671875 0.059375 0.2421875
0 0.93671875 0.7359375 0.0203125 0.08515625
0 0.240625 0.77265625 0.034375 0.1640625
0 0.425 0.759375 0.02890625 0.121875
0 0.4453125 0.759375 0.02265625 0.10859375
0 0.465625 0.759375 0.01953125 0.10703125