0 0.865625 0.74453125 0.10234375 0.1421875
0 0.3828125 0.7640625 0.15 0.37890625
0 0.2015625 0.70625 0.10625 0.25078125
0 0.5796875 0.66171875 0.07578125 0.1609375
0 0.6671875 0.6734375 0.08828125 0.17890625
0 0.11171875 0.6 0.0796875 0.12578125
0 0.2140625 0.5875 0.09453125 0.08828125
0 0.76328125 0.696875 0.0828125 0.18359375
0 0.44375 0.73515625 0.05859375 0.2640625
0 0.878125 0.621875 0.04921875 0.075
0 0.73125 0.6140625 0.034375 0.05078125
0 0.9265625 0.62578125 0.05078125 0.0890625
0 0.6109375 0.6640625 0.04453125 0.12578125
0 0.96796875 0.6515625 0.0390625 0.11015625