0 0.9515625 0.625 0.096875 0.278125
0 0.9046875 0.61484375 0.115625 0.2515625
0 0.0375 0.63828125 0.075 0.1015625
0 0.075 0.5890625 0.0625 0.13125
0 0.0203125 0.553125 0.040625 0.0875
0 0.36484375 0.55859375 0.0453125 0.0953125
0 0.246875 0.565625 0.065625 0.065625
0 0.2953125 0.540625 0.03125 0.053125
0 0.30625 0.528125 0.028125 0.040625
0 0.34375 0.5328125 0.01875 0.075
0 0.3921875 0.5203125 0.028125 0.034375
0 0.4421875 0.5546875 0.040625 0.084375
0 0.4125 0.52734375 0.04375 0.0359375
0 0.59921875 0.49140625 0.1203125 0.0359375
0 0.796875 0.553125 0.040625 0.084375