0 0.65 0.7171875 0.05 0.22890625
0 0.1890625 0.70234375 0.08046875 0.2265625
0 0.61640625 0.7 0.0390625 0.19765625
0 0.94375 0.715625 0.04921875 0.246875
0 0.87265625 0.7015625 0.0453125 0.21171875
0 0.7015625 0.7015625 0.03984375 0.19609375
0 0.725 0.6265625 0.01953125 0.071875
0 0.7921875 0.78828125 0.31875 0.4234375
0 0.97265625 0.77265625 0.0453125 0.2609375
0 0.5359375 0.6203125 0.01796875 0.08984375
0 0.565625 0.6234375 0.01796875 0.07109375
0 0.525 0.37265625 0.04140625 0.0671875
0 0.4859375 0.36875 0.03203125 0.06484375
0 0.45625 0.3703125 0.02578125 0.059375
0 0.365625 0.3640625 0.02265625 0.07890625
0 0.25625 0.38984375 0.02890625 0.0578125
0 0.02265625 0.6234375 0.0171875 0.09375
0 0.040625 0.6234375 0.01796875 0.09765625
0 0.0515625 0.6234375 0.01328125 0.08828125