0 0.64140625 0.82578125 0.0890625 0.3453125
0 0.390625 0.771875 0.059375 0.2
0 0.1984375 0.74140625 0.06640625 0.2921875
0 0.26328125 0.746875 0.0609375 0.290625
0 0.321875 0.76171875 0.05546875 0.2265625
0 0.38125 0.6421875 0.02265625 0.10078125
0 0.43359375 0.65390625 0.0265625 0.1078125
0 0.4359375 0.77578125 0.04140625 0.1828125
0 0.7328125 0.746875 0.05390625 0.25703125
0 0.81640625 0.746875 0.0609375 0.25234375
0 0.571875 0.765625 0.06015625 0.20859375
0 0.9140625 0.76328125 0.053125 0.2171875
0 0.4609375 0.6796875 0.025 0.08046875
0 0.5265625 0.7203125 0.02734375 0.06484375
0 0.3625 0.62890625 0.01640625 0.0796875
0 0.34921875 0.69296875 0.0234375 0.1015625
0 0.3 0.7296875 0.02890625 0.18984375
0 0.53125 0.65625 0.02578125 0.11015625
0 0.46875 0.65859375 0.01953125 0.0953125
0 0.459375 0.6234375 0.01796875 0.04765625
0 0.5421875 0.6390625 0.0125 0.09296875
0 0.4734375 0.6015625 0.009375 0.03515625
0 0.5859375 0.65625 0.01953125 0.07734375
0 0.5984375 0.6609375 0.01953125 0.09296875
0 0.68125 0.74140625 0.04609375 0.2546875
0 0.653125 0.66015625 0.02109375 0.0578125