0 0.93046875 0.63125 0.1359375 0.7375
0 0.02109375 0.55078125 0.0390625 0.3640625
0 0.0921875 0.46875 0.05625 0.1875
0 0.121875 0.59921875 0.0625 0.2578125
0 0.20078125 0.5765625 0.0296875 0.24375
0 0.2296875 0.571875 0.025 0.234375
0 0.1640625 0.4984375 0.028125 0.25
0 0.17890625 0.48125 0.0328125 0.234375
0 0.25 0.5296875 0.04375 0.303125
0 0.30234375 0.4921875 0.0671875 0.240625
0 0.13125 0.425 0.025 0.090625
0 0.39453125 0.453125 0.0171875 0.115625
0 0.41875 0.453125 0.034375 0.140625
0 0.45625 0.5078125 0.05 0.2125
0 0.5140625 0.5375 0.084375 0.296875
0 0.56875 0.54296875 0.065625 0.2671875
0 0.49765625 0.434375 0.0203125 0.05
0 0.8171875 0.68828125 0.11875 0.6234375