0 0.01953125 0.70703125 0.0390625 0.2109375
0 0.06640625 0.70546875 0.0546875 0.2328125
0 0.1140625 0.71171875 0.040625 0.1953125
0 0.15234375 0.71015625 0.0328125 0.2046875
0 0.18125 0.7046875 0.03125 0.225
0 0.2140625 0.7015625 0.05 0.278125
0 0.2578125 0.7046875 0.034375 0.25
0 0.3 0.69921875 0.065625 0.3078125
0 0.3453125 0.709375 0.053125 0.3
0 0.3953125 0.6859375 0.065625 0.36875
0 0.4703125 0.68828125 0.0875 0.3984375
0 0.5234375 0.684375 0.059375 0.39375
0 0.590625 0.6828125 0.128125 0.415625
0 0.70390625 0.6921875 0.0703125 0.459375
0 0.78671875 0.7140625 0.0671875 0.415625
0 0.8640625 0.69375 0.10625 0.465625
0 0.90859375 0.69375 0.0640625 0.453125
0 0.9625 0.7171875 0.075 0.4
0 0.62890625 0.5984375 0.0390625 0.121875