0 0.6328125 0.77734375 0.04140625 0.1546875
0 0.50078125 0.75625 0.0421875 0.14375
0 0.51953125 0.7453125 0.0203125 0.146875
0 0.903125 0.825 0.07421875 0.2875
0 0.9328125 0.80390625 0.07265625 0.2546875
0 0.021875 0.7828125 0.04296875 0.16796875
0 0.14375 0.74765625 0.02734375 0.0953125
0 0.171875 0.74296875 0.025 0.0921875
0 0.20703125 0.7265625 0.0265625 0.08828125
0 0.0546875 0.73046875 0.02265625 0.0734375
0 0.1171875 0.72734375 0.01953125 0.0640625
0 0.3859375 0.715625 0.021875 0.07734375
0 0.43203125 0.7125 0.0109375 0.06328125
0 0.228125 0.7359375 0.021875 0.084375
0 0.2453125 0.7328125 0.025 0.078125
0 0.98671875 0.69921875 0.0265625 0.0578125
0 0.85234375 0.75 0.0359375 0.13984375
0 0.79296875 0.7328125 0.0484375 0.13046875
0 0.55625 0.7171875 0.02421875 0.07265625
0 0.54375 0.7109375 0.015625 0.06953125
0 0.66875 0.7109375 0.01875 0.053125
0 0.6875 0.7234375 0.02109375 0.065625
0 0.7078125 0.7203125 0.01796875 0.065625