0 0.6859375 0.4421875 0.290625 0.46875
0 0.32578125 0.48125 0.1734375 0.51484375
0 0.1078125 0.4859375 0.09609375 0.2625
0 0.2484375 0.4328125 0.09140625 0.24296875
0 0.190625 0.4328125 0.06796875 0.15234375
0 0.540625 0.490625 0.06171875 0.29296875
0 0.6109375 0.48125 0.08359375 0.18671875
0 0.7890625 0.509375 0.04609375 0.15
0 0.884375 0.52265625 0.05 0.1640625
0 0.478125 0.515625 0.0375 0.12109375
0 0.41875 0.51484375 0.02265625 0.0890625
0 0.753125 0.5171875 0.03359375 0.08515625
0 0.82421875 0.5390625 0.0109375 0.06171875
0 0.8359375 0.53828125 0.009375 0.0609375
0 0.8453125 0.5390625 0.01484375 0.06015625
0 0.721875 0.52734375 0.01953125 0.0953125