0 0.6921875 0.0734375 0.015625 0.1125
0 0.70390625 0.084375 0.0140625 0.103125
0 0.7171875 0.071875 0.01484375 0.11484375
0 0.6046875 0.09375 0.01484375 0.09375
0 0.63203125 0.1015625 0.0203125 0.10234375
0 0.61015625 0.171875 0.0171875 0.12265625
0 0.6234375 0.175 0.015625 0.13046875
0 0.66796875 0.06875 0.0234375 0.08828125
0 0.66875 0.153125 0.01953125 0.13125
0 0.68046875 0.17109375 0.0234375 0.0671875
0 0.6828125 0.234375 0.03203125 0.10703125
0 0.778125 0.21875 0.02734375 0.09765625
0 0.6796875 0.36796875 0.025 0.0859375
0 0.596875 0.3484375 0.01875 0.08515625
0 0.6171875 0.35390625 0.01796875 0.0859375
0 0.34375 0.4375 0.028125 0.18515625
0 0.23671875 0.5796875 0.0484375 0.13125
0 0.24453125 0.69375 0.0328125 0.21328125
0 0.2765625 0.6953125 0.03203125 0.2125
0 0.3046875 0.7765625 0.03671875 0.2375
0 0.3796875 0.72109375 0.03984375 0.1296875
0 0.43984375 0.70234375 0.0390625 0.1296875
0 0.5453125 0.7828125 0.04921875 0.18828125
0 0.50078125 0.2140625 0.0171875 0.134375