0 0.41953125 0.2222222222222222 0.040625 0.18055555555555555
0 0.505859375 0.6444444444444445 0.08515625 0.4013888888888889
0 0.507421875 0.19027777777777777 0.0359375 0.17916666666666667
0 0.58984375 0.5131944444444444 0.06953125 0.3013888888888889
0 0.316796875 0.40625 0.04296875 0.2125
0 0.35 0.6222222222222222 0.09453125 0.37777777777777777
0 0.72578125 0.4701388888888889 0.053125 0.20416666666666666
0 0.65625 0.4722222222222222 0.05625 0.25972222222222224
0 0.547265625 0.51875 0.0703125 0.3055555555555556
0 0.398046875 0.5090277777777777 0.0515625 0.2791666666666667
0 0.765234375 0.26666666666666666 0.04375 0.16805555555555557
0 0.5050703125 0.8767777777777778 0.0963125 0.21786111111111112
0 0.312015625 0.15719444444444444 0.0342890625 0.09534722222222224