0 0.5984375 0.8138888888888889 0.084375 0.3486111111111111
0 0.34921875 0.6201388888888889 0.0953125 0.3819444444444444
0 0.651953125 0.4708333333333333 0.0546875 0.2625
0 0.508203125 0.19027777777777777 0.03984375 0.18611111111111112
0 0.3609375 0.3972222222222222 0.06640625 0.20555555555555555
0 0.39453125 0.25972222222222224 0.04609375 0.1625
0 0.580078125 0.5111111111111111 0.07421875 0.3375
0 0.53359375 0.6673611111111111 0.090625 0.44722222222222224
0 0.5359375 0.37222222222222223 0.0421875 0.1388888888888889
0 0.728515625 0.46805555555555556 0.053125 0.20555555555555555
0 0.428125 0.2548611111111111 0.046875 0.15555555555555556
0 0.399609375 0.5097222222222222 0.05625 0.29305555555555557
0 0.41484375 0.1625 0.0359375 0.07361111111111111