0 0.584765625 0.46944444444444444 0.0796875 0.4111111111111111
0 0.41953125 0.2604166666666667 0.0625 0.30694444444444446
0 0.571484375 0.2375 0.04765625 0.2111111111111111
0 0.732421875 0.20277777777777778 0.03828125 0.25277777777777777
0 0.690234375 0.24444444444444444 0.03359375 0.2
0 0.880078125 0.22152777777777777 0.05546875 0.1527777777777778
0 0.75703125 0.17916666666666667 0.03671875 0.2125
0 0.902359375 0.5146111111111111 0.1301640625 0.4252638888888889
0 0.9818203125 0.42590277777777774 0.030164062499999998 0.30736111111111114
0 0.97890625 0.21355555555555555 0.0421875 0.1445833333333333
0 0.8296015625000001 0.19015277777777778 0.0471484375 0.26443055555555556