0 0.419921875 0.22083333333333333 0.04140625 0.18888888888888888
0 0.39921875 0.5090277777777777 0.0703125 0.3055555555555556
0 0.53359375 0.6430555555555556 0.1078125 0.42083333333333334
0 0.6015625 0.7805555555555556 0.07578125 0.3416666666666667
0 0.5078125 0.19444444444444445 0.040625 0.18611111111111112
0 0.349609375 0.6201388888888889 0.09453125 0.3875
0 0.5265625 0.38055555555555554 0.05 0.15694444444444444
0 0.583984375 0.4875 0.059375 0.26666666666666666
0 0.6484375 0.46875 0.05703125 0.2638888888888889
0 0.508203125 0.5090277777777777 0.05078125 0.2833333333333333
0 0.3234375 0.2590277777777778 0.0546875 0.1736111111111111
0 0.352734375 0.3923611111111111 0.065625 0.2013888888888889
0 0.727734375 0.4708333333333333 0.0515625 0.2152777777777778