0 0.49765625 0.20069444444444445 0.06328125 0.24722222222222223
0 0.58515625 0.28402777777777777 0.06953125 0.2902777777777778
0 0.416796875 0.26180555555555557 0.0640625 0.2972222222222222
0 0.685546875 0.3909722222222222 0.09296875 0.35138888888888886
0 0.877734375 0.7798611111111111 0.1 0.4222222222222222
0 0.4 0.5270833333333333 0.0765625 0.4083333333333333
0 0.8414375 0.3956944444444444 0.09078125000000001 0.29273611111111114
0 0.7285 0.22940277777777776 0.0345234375 0.23641666666666666
0 0.9249140625000001 0.3208888888888889 0.088125 0.3272777777777778
0 0.8202265625 0.20638888888888887 0.06411718749999999 0.2665972222222222
0 0.898015625 0.145875 0.0478125 0.16143055555555555